  *** NBO job generated by orca_scf                                             
 Basis set information needed for plotting orbitals
 ---------------------------------------------------------------------------
      8    33    61
 ---------------------------------------------------------------------------
    6  -0.995088183  -0.208793763   0.000000000
    6   0.342960833  -0.051120110   0.000000529
    6   1.342795736  -1.125382734   0.000000000
    1  -1.457047221  -1.209738880   0.000000000
    1  -1.670818425   0.661178926   0.000000000
    1   0.734142944   0.991309328   0.000000000
    1   1.794806771  -1.482306439   0.941141208
    1   1.794806771  -1.482306439  -0.941141208
 ---------------------------------------------------------------------------
      1     1     1     5
      1
      1     1     6     1
      1
      1     1     7     1
      1
      1     3     8     3
    103   101   102
      1     3    11     1
    103   101   102
      1     5    12     1
    255   252   253   254   251
      2     1    13     5
      1
      2     1    18     1
      1
      2     1    19     1
      1
      2     3    20     3
    103   101   102
      2     3    23     1
    103   101   102
      2     5    24     1
    255   252   253   254   251
      3     1    25     5
      1
      3     1    30     1
      1
      3     1    31     1
      1
      3     3    32     3
    103   101   102
      3     3    35     1
    103   101   102
      3     5    36     1
    255   252   253   254   251
      4     1    37     3
      1
      4     1    40     1
      1
      4     3    41     1
    103   101   102
      5     1    42     3
      1
      5     1    45     1
      1
      5     3    46     1
    103   101   102
      6     1    47     3
      1
      6     1    50     1
      1
      6     3    51     1
    103   101   102
      7     1    52     3
      1
      7     1    55     1
      1
      7     3    56     1
    103   101   102
      8     1    57     3
      1
      8     1    60     1
      1
      8     3    61     1
    103   101   102
 ---------------------------------------------------------------------------
     0.123840170E+04   0.186290050E+03   0.422511750E+02   0.116765580E+02
     0.359305070E+01   0.402451490E+00   0.130901830E+00   0.946809670E+01
     0.201035450E+01   0.547710060E+00   0.152686130E+00   0.800000010E+00
     0.123840170E+04   0.186290050E+03   0.422511750E+02   0.116765580E+02
     0.359305070E+01   0.402451490E+00   0.130901830E+00   0.946809670E+01
     0.201035450E+01   0.547710060E+00   0.152686130E+00   0.800000010E+00
     0.123840170E+04   0.186290050E+03   0.422511750E+02   0.116765580E+02
     0.359305070E+01   0.402451490E+00   0.130901830E+00   0.946809670E+01
     0.201035450E+01   0.547710060E+00   0.152686130E+00   0.800000010E+00
     0.130107010E+02   0.196225710E+01   0.444537970E+00   0.121949620E+00
     0.800000010E+00   0.130107010E+02   0.196225710E+01   0.444537970E+00
     0.121949620E+00   0.800000010E+00   0.130107010E+02   0.196225710E+01
     0.444537970E+00   0.121949620E+00   0.800000010E+00   0.130107010E+02
     0.196225710E+01   0.444537970E+00   0.121949620E+00   0.800000010E+00
     0.130107010E+02   0.196225710E+01   0.444537970E+00   0.121949620E+00
     0.800000010E+00

     0.820895670E+00   0.147664500E+01   0.215261240E+01   0.210817220E+01
     0.829100010E+00   0.360118330E+00   0.155102700E+00   0.000000000E+00
     0.000000000E+00   0.000000000E+00   0.000000000E+00   0.000000000E+00
     0.820895670E+00   0.147664500E+01   0.215261240E+01   0.210817220E+01
     0.829100010E+00   0.360118330E+00   0.155102700E+00   0.000000000E+00
     0.000000000E+00   0.000000000E+00   0.000000000E+00   0.000000000E+00
     0.820895670E+00   0.147664500E+01   0.215261240E+01   0.210817220E+01
     0.829100010E+00   0.360118330E+00   0.155102700E+00   0.000000000E+00
     0.000000000E+00   0.000000000E+00   0.000000000E+00   0.000000000E+00
     0.163490400E+00   0.277351560E+00   0.315750150E+00   0.147077230E+00
     0.000000000E+00   0.163490400E+00   0.277351560E+00   0.315750150E+00
     0.147077230E+00   0.000000000E+00   0.163490400E+00   0.277351560E+00
     0.315750150E+00   0.147077230E+00   0.000000000E+00   0.163490400E+00
     0.277351560E+00   0.315750150E+00   0.147077230E+00   0.000000000E+00
     0.163490400E+00   0.277351560E+00   0.315750150E+00   0.147077230E+00
     0.000000000E+00

     0.000000000E+00   0.000000000E+00   0.000000000E+00   0.000000000E+00
     0.000000000E+00   0.000000000E+00   0.000000000E+00   0.134676460E+01
     0.106780710E+01   0.510873560E+00   0.136047200E+00   0.000000000E+00
     0.000000000E+00   0.000000000E+00   0.000000000E+00   0.000000000E+00
     0.000000000E+00   0.000000000E+00   0.000000000E+00   0.134676460E+01
     0.106780710E+01   0.510873560E+00   0.136047200E+00   0.000000000E+00
     0.000000000E+00   0.000000000E+00   0.000000000E+00   0.000000000E+00
     0.000000000E+00   0.000000000E+00   0.000000000E+00   0.134676460E+01
     0.106780710E+01   0.510873560E+00   0.136047200E+00   0.000000000E+00
     0.000000000E+00   0.000000000E+00   0.000000000E+00   0.000000000E+00
     0.107845640E+01   0.000000000E+00   0.000000000E+00   0.000000000E+00
     0.000000000E+00   0.107845640E+01   0.000000000E+00   0.000000000E+00
     0.000000000E+00   0.000000000E+00   0.107845640E+01   0.000000000E+00
     0.000000000E+00   0.000000000E+00   0.000000000E+00   0.107845640E+01
     0.000000000E+00   0.000000000E+00   0.000000000E+00   0.000000000E+00
     0.107845640E+01

     0.000000000E+00   0.000000000E+00   0.000000000E+00   0.000000000E+00
     0.000000000E+00   0.000000000E+00   0.000000000E+00   0.000000000E+00
     0.000000000E+00   0.000000000E+00   0.000000000E+00   0.192920140E+01
     0.000000000E+00   0.000000000E+00   0.000000000E+00   0.000000000E+00
     0.000000000E+00   0.000000000E+00   0.000000000E+00   0.000000000E+00
     0.000000000E+00   0.000000000E+00   0.000000000E+00   0.192920140E+01
     0.000000000E+00   0.000000000E+00   0.000000000E+00   0.000000000E+00
     0.000000000E+00   0.000000000E+00   0.000000000E+00   0.000000000E+00
     0.000000000E+00   0.000000000E+00   0.000000000E+00   0.192920140E+01
     0.000000000E+00   0.000000000E+00   0.000000000E+00   0.000000000E+00
     0.000000000E+00   0.000000000E+00   0.000000000E+00   0.000000000E+00
     0.000000000E+00   0.000000000E+00   0.000000000E+00   0.000000000E+00
     0.000000000E+00   0.000000000E+00   0.000000000E+00   0.000000000E+00
     0.000000000E+00   0.000000000E+00   0.000000000E+00   0.000000000E+00
     0.000000000E+00   0.000000000E+00   0.000000000E+00   0.000000000E+00
     0.000000000E+00

     0.000000000E+00   0.000000000E+00   0.000000000E+00   0.000000000E+00
     0.000000000E+00   0.000000000E+00   0.000000000E+00   0.000000000E+00
     0.000000000E+00   0.000000000E+00   0.000000000E+00   0.000000000E+00
     0.000000000E+00   0.000000000E+00   0.000000000E+00   0.000000000E+00
     0.000000000E+00   0.000000000E+00   0.000000000E+00   0.000000000E+00
     0.000000000E+00   0.000000000E+00   0.000000000E+00   0.000000000E+00
     0.000000000E+00   0.000000000E+00   0.000000000E+00   0.000000000E+00
     0.000000000E+00   0.000000000E+00   0.000000000E+00   0.000000000E+00
     0.000000000E+00   0.000000000E+00   0.000000000E+00   0.000000000E+00
     0.000000000E+00   0.000000000E+00   0.000000000E+00   0.000000000E+00
     0.000000000E+00   0.000000000E+00   0.000000000E+00   0.000000000E+00
     0.000000000E+00   0.000000000E+00   0.000000000E+00   0.000000000E+00
     0.000000000E+00   0.000000000E+00   0.000000000E+00   0.000000000E+00
     0.000000000E+00   0.000000000E+00   0.000000000E+00   0.000000000E+00
     0.000000000E+00   0.000000000E+00   0.000000000E+00   0.000000000E+00
     0.000000000E+00

     0.000000000E+00   0.000000000E+00   0.000000000E+00   0.000000000E+00
     0.000000000E+00   0.000000000E+00   0.000000000E+00   0.000000000E+00
     0.000000000E+00   0.000000000E+00   0.000000000E+00   0.000000000E+00
     0.000000000E+00   0.000000000E+00   0.000000000E+00   0.000000000E+00
     0.000000000E+00   0.000000000E+00   0.000000000E+00   0.000000000E+00
     0.000000000E+00   0.000000000E+00   0.000000000E+00   0.000000000E+00
     0.000000000E+00   0.000000000E+00   0.000000000E+00   0.000000000E+00
     0.000000000E+00   0.000000000E+00   0.000000000E+00   0.000000000E+00
     0.000000000E+00   0.000000000E+00   0.000000000E+00   0.000000000E+00
     0.000000000E+00   0.000000000E+00   0.000000000E+00   0.000000000E+00
     0.000000000E+00   0.000000000E+00   0.000000000E+00   0.000000000E+00
     0.000000000E+00   0.000000000E+00   0.000000000E+00   0.000000000E+00
     0.000000000E+00   0.000000000E+00   0.000000000E+00   0.000000000E+00
     0.000000000E+00   0.000000000E+00   0.000000000E+00   0.000000000E+00
     0.000000000E+00   0.000000000E+00   0.000000000E+00   0.000000000E+00
     0.000000000E+00
