  *** NBO job generated by orca_scf                                             
 NBOs in the AO basis:                                                          
 -------------------------------------------------------------------------------
  -0.7810786546702E-01  0.2789600783304E+00  0.8713081292403E-02  0.1781472881211E+00 -0.1262129515206E+00
  0.3084270721034E+00  0.8411051489894E-01 -0.5842373941461E-01  0.1459537804014E+00 -0.1931599623681E-02
 -0.3119817070667E-02  0.7681815211763E-02 -0.5452554324300E-02 -0.5395135395260E-02  0.4181969888856E+00
  0.1556956335038E+00 -0.9187878082597E-02  0.6377392213036E-02 -0.1602502546992E-01 -0.3931041714586E-01
 -0.5974304943360E-02  0.2263316545510E-03 -0.1665791294029E-03  0.3730007415768E-02 -0.3937109006845E-01
 -0.5994936898740E-02  0.3118472021727E-02 -0.1788656443887E-03  0.2068672760489E-02 -0.3972141647761E-01
 -0.6748492819619E-02  0.1196745308636E-02 -0.2859326569705E-02  0.2059694187390E-02
  -0.7810786643907E-01  0.2789600733696E+00  0.8713125455958E-02  0.1781484038481E+00 -0.1262137685251E+00
 -0.3084260951983E+00  0.8411103728099E-01 -0.5842412726713E-01 -0.1459533178120E+00 -0.1931551756878E-02
 -0.3119856812338E-02 -0.7681836719131E-02 -0.5452497312737E-02  0.5395152398779E-02 -0.3931041542855E-01
 -0.5974319001285E-02  0.2263452773651E-03 -0.1665892140729E-03 -0.3730005070055E-02  0.4181970057419E+00
  0.1556955947779E+00 -0.9187936139745E-02  0.6377434791356E-02  0.1602497668786E-01 -0.3937109259157E-01
 -0.5994943227188E-02  0.3118479656980E-02 -0.1788710173864E-03 -0.2068660910445E-02 -0.3972141821341E-01
 -0.6748496599698E-02  0.1196752717218E-02 -0.2859331849502E-02 -0.2059682377940E-02
  -0.7819173834605E-01  0.2795519209535E+00  0.7297250896891E-02 -0.3564191809872E+00 -0.1262582639813E+00
 -0.4714261554809E-06 -0.1679908517854E+00 -0.5828739968255E-01 -0.2303343954360E-06  0.9429520352247E-02
  0.6210228642489E-02  0.2298765036087E-07  0.1214952167696E-02  0.7786354710222E-08 -0.3921485324358E-01
 -0.5812356172283E-02 -0.3336745419438E-02 -0.1726341957639E-03 -0.1666210620438E-02 -0.3921485734200E-01
 -0.5812352785391E-02 -0.3336752041164E-02 -0.1726299161054E-03  0.1666199496354E-02  0.4188300529122E+00
  0.1555533279938E+00  0.1854688836955E-01  0.6371496735281E-02  0.2750472749034E-07 -0.3964171627065E-01
 -0.6506036058329E-02 -0.2385133023942E-02 -0.2828258988782E-02 -0.3935621952407E-09
  -0.7778184673112E-01  0.2761084444945E+00  0.1736746973106E-01 -0.2701747649666E-05  0.3780509811166E+00
 -0.4971132180142E-06  0.2721230394160E-03  0.1783160963371E+00 -0.2370246666886E-06 -0.5690233336281E-02
 -0.6899588552644E-04  0.1735115511177E-09  0.9783009776040E-02 -0.2565332824122E-07 -0.4010296794940E-01
 -0.7794458025238E-02 -0.9530477354045E-03  0.3186417831060E-02 -0.1637813232265E-02 -0.4010297319882E-01
 -0.7794451164041E-02 -0.9530539068472E-03  0.3186422798447E-02  0.1637801909787E-02 -0.3995901942735E-01
 -0.7496906014710E-02  0.1935164343673E-02  0.3203186174907E-02 -0.7155728143732E-09  0.4186057348352E+00
  0.1525849615415E+00 -0.5282771386086E-04 -0.1956165080465E-01  0.2624405298220E-07
   0.1011309916652E+01 -0.2225646173302E-01  0.2319781852630E-02  0.5140499192038E-06  0.5078704265950E-05
 -0.4418297182673E-10 -0.3296763662861E-05  0.4517237017043E-05 -0.1041519020903E-08 -0.2385868773926E-07
  0.4934432727315E-07  0.1654703897117E-10  0.1360978187272E-06 -0.3450042151905E-11 -0.1396134547323E-01
 -0.1631090964512E-01 -0.1736821406356E-04  0.1230145255346E-04 -0.3006999001683E-04 -0.1396134538521E-01
 -0.1631091219922E-01 -0.1736829290400E-04  0.1230154914547E-04  0.3006990199990E-04 -0.1395829876418E-01
 -0.1631090510656E-01  0.3482046925870E-04  0.1234308292271E-04  0.5758068833964E-10 -0.1396193397068E-01
 -0.1631541122083E-01 -0.1108245451885E-07 -0.3688214086068E-04  0.5861154604972E-10
  -0.1937606432901E+00  0.1937508866665E+01 -0.6398467656123E+01  0.3758990802099E-04  0.1274883541776E-02
 -0.3032609180583E-07  0.4980814415433E-03  0.4412702770788E-03  0.8440769642862E-07 -0.2391529898091E-04
 -0.1089678790800E-05 -0.2329050958917E-08  0.3860379485428E-04  0.6301558666321E-09  0.5297866740693E+00
  0.1188014106468E+01  0.1853114825431E-02 -0.1303372055426E-02  0.3208898222642E-02  0.5297865785881E+00
  0.1188014386479E+01  0.1853123371606E-02 -0.1303382463978E-02 -0.3208889296564E-02  0.5292605339647E+00
  0.1189231396944E+01 -0.3718420821587E-02 -0.1308175377431E-02 -0.6264166635914E-08  0.5288036906712E+00
  0.1188973745696E+01  0.4841388807689E-06  0.3966929195792E-02 -0.6397993826287E-08
  -0.2366139915334E-03  0.1000338274542E-02 -0.2745403335942E-03  0.2161846793146E-04  0.8625297744514E+00
  0.3266573491582E-08 -0.1461977182626E-03 -0.1988128229190E+01  0.8567531882750E-08  0.1111194391313E-02
  0.4945452167546E-05 -0.1732788357061E-08 -0.1937913475313E-02  0.6652210911536E-08 -0.1177051513680E+00
 -0.3477226067073E+00  0.3881107265306E-04  0.1664878026006E-01  0.6879162036938E-04 -0.1177058972043E+00
 -0.3477248568958E+00  0.3881082363497E-04  0.1664878274761E-01 -0.6879036088383E-04 -0.1174824314391E+00
 -0.3481505708069E+00 -0.7581653261735E-04  0.1673183043141E-01 -0.4545493818539E-09  0.3519915649253E+00
  0.1044088025946E+01 -0.1997788287290E-05  0.1651560178323E-01 -0.6844386650827E-10
   0.1514957934694E-08 -0.3391186790215E-07  0.1807860814113E-06 -0.1670210778046E-08  0.2658993010557E-08
  0.8633151563773E+00  0.1033517762981E-07  0.8758056469765E-08 -0.1987248245236E+01  0.7034870406296E-08
 -0.1722575805694E-08 -0.1807279077065E-02  0.1211262421800E-07  0.1278786343235E-02  0.2876639294179E+00
  0.8516550287637E+00 -0.9450898925496E-04  0.6676798989418E-04  0.1652252076519E-01 -0.2876630001612E+00
 -0.8516524517978E+00  0.9450942129790E-04 -0.6676873301331E-04  0.1652252523614E-01 -0.4512258590521E-06
 -0.1341986201958E-05 -0.2596905085564E-08 -0.1088680881119E-08  0.1676655046184E-01 -0.4795327373103E-06
 -0.1425219483996E-05 -0.4004958163462E-10  0.2526779163451E-08  0.1675991531716E-01
  -0.5048261005622E-05 -0.1372684146824E-03  0.7576904985290E-03  0.8631985132671E+00  0.1057234849212E-03
 -0.6987777028635E-08 -0.1987759086608E+01 -0.1010338414235E-03  0.4691965430729E-08  0.1567287304683E-02
  0.1269126051801E-02  0.6956102543923E-08  0.9112364950990E-03 -0.1297067152792E-08  0.1661008989995E+00
  0.4917455648098E+00  0.1662549144500E-01  0.3834542922440E-04 -0.9515717801667E-04  0.1661018924392E+00
  0.4917486822565E+00  0.1662549578696E-01  0.3834510426211E-04  0.9515591716951E-04 -0.3316056012645E+00
 -0.9845764911608E+00  0.1655849354129E-01 -0.7354667859001E-04  0.8119044545585E-10 -0.5217387091609E-04
  0.3780978061973E-04  0.1675565419496E-01 -0.5555970107577E-06  0.2857145467105E-09
  -0.5612645732819E-08  0.3723471633743E-07 -0.2651122198001E-08  0.4687978009562E-06 -0.1300989558344E-05
 -0.2435873202412E+00  0.5840940515249E-06 -0.1723682859397E-05 -0.3245659462104E+00  0.6484341521993E-06
 -0.3161466352699E-06 -0.1184017441898E+00 -0.7037949978995E-07  0.1228731277947E+01  0.4162280749301E+00
  0.1220005729238E+00 -0.1581042784266E+00 -0.5273689405963E-01 -0.1808537653077E+00 -0.4162294941569E+00
 -0.1220009512198E+00  0.1581057171140E+00  0.5273556256180E-01 -0.1808533948696E+00 -0.6465622488602E-06
 -0.2121339851158E-06 -0.5412204717822E-06  0.2175001230499E-06  0.9325801171922E-01  0.2023784095980E-05
  0.5912834021319E-06 -0.4679995790736E-07 -0.1226578258650E-05 -0.1761299427920E+00
  -0.8403001948723E-04  0.5277406549646E-03  0.2371690742621E-03 -0.2439544171317E+00 -0.1369221578510E-03
  0.4668469960081E-06 -0.3244412026768E+00 -0.3030165185765E-03  0.5955913458874E-06  0.1027159515718E+00
  0.1228886351452E+01  0.7539458993394E-06  0.5925090505867E-01 -0.3169027233128E-06  0.2402061824886E+00
  0.7031232189657E-01  0.1711799326862E-02 -0.3042746482213E-01 -0.1580793553562E+00  0.2402092523677E+00
  0.7031319900724E-01  0.1710503563631E-02 -0.3042682377484E-01  0.1580807889503E+00 -0.4810030116998E+00
 -0.1410565780907E+00 -0.2729995275769E+00  0.6106204583863E-01 -0.5363527385606E-06  0.9066458221764E-05
  0.1737527988262E-03 -0.1761482356886E+00 -0.3120192285196E-05 -0.4753441663646E-07
   0.1107929663511E-07 -0.7615131548480E-07  0.5513921713620E-07 -0.1566341573178E-05  0.4670172098242E-06
  0.3445262283617E+00 -0.2039926837187E-05  0.5981531257124E-06  0.4590543626674E+00 -0.1362520389628E-06
  0.7558012702863E-06  0.1312595158831E+01 -0.3849350188381E-06 -0.1186989142859E+00 -0.5887612653823E+00
 -0.1725545375624E+00  0.5909925721620E-01 -0.1581035248715E+00  0.2558296928262E+00  0.5887631358948E+00
  0.1725550156912E+00 -0.5910154750576E-01  0.1581049641634E+00  0.2558291058730E+00 -0.1813008553985E-05
 -0.5269296517954E-06 -0.9574502729183E-06 -0.5342357099776E-06  0.1538791850287E+00  0.3187124133936E-08
  0.1702825152703E-08  0.4304237812524E-06 -0.5340428395989E-07 -0.3657843190377E-01
  -0.8883422914412E-04  0.6687714825174E-03  0.4011300424044E-03 -0.1723662610414E+00  0.3662412094777E+00
 -0.2034402697186E-05 -0.2297055686274E+00  0.4874277832204E+00 -0.2761019638581E-05 -0.3639908610071E-01
  0.5940165254661E-01 -0.3860258694744E-06  0.1375706552803E+01 -0.7044291036848E-07  0.4249063357579E+00
  0.1246298335516E+00 -0.1431161535943E+00  0.1425252966774E+00 -0.1150081892863E+00  0.4249020441457E+00
  0.1246285234706E+00 -0.1431155377732E+00  0.1425253306423E+00  0.1150054305412E+00 -0.8513001211367E-01
 -0.2498612444545E-01 -0.4646703766957E-01  0.5588605483623E-02 -0.1208512519865E-06 -0.7654704116731E+00
 -0.2247302475433E+00  0.1830166894145E-01  0.3770906862965E+00 -0.8653803303646E-06
  -0.6196260098749E-04  0.3824097220545E-03  0.1448280454452E-03 -0.2991725257697E+00 -0.2116640329195E+00
 -0.1329119682734E-05 -0.3981793058370E+00 -0.2813592075802E+00 -0.1775783751047E-05  0.1333897332992E+01
  0.1029700666973E+00 -0.1366311886743E-06 -0.3649145320498E-01  0.6500315741922E-06  0.1472081676288E+00
  0.4324536962015E-01 -0.1339275247375E+00  0.2311087070594E-01 -0.1867639025894E-02  0.1472044999229E+00
  0.4324429216843E-01 -0.1339271817885E+00  0.2310988789291E-01  0.1865493192665E-02 -0.7367013105592E+00
 -0.2163184493000E+00 -0.3090817749860E+00 -0.2147124134433E+00 -0.7536257062216E-06  0.4418700877834E+00
  0.1296774879852E+00  0.3172698404640E-01 -0.2177142956820E+00  0.4592772967187E-06
  -0.6630267699206E-01  0.6686909961295E+00 -0.1607477885471E+01  0.2047516900401E+00 -0.1463575991955E+00
  0.3491420898346E+00 -0.3906147239786E+00  0.2668277963532E+00 -0.7088336107609E+00 -0.2512489311449E-01
 -0.4955128120202E-01  0.1116903359075E+00 -0.7680158583368E-01 -0.8130264217002E-01 -0.9736405930583E+00
  0.2431011267215E+01  0.2327326367627E+00 -0.1496235669930E+00  0.4546158667411E+00 -0.2844099322774E-01
 -0.6283100604139E-01  0.4008454612287E-02 -0.2117244074388E-02 -0.1971913507540E-02 -0.2100449704050E-01
 -0.4745103507216E-01 -0.2971512643357E-02 -0.1761896779348E-02  0.4815625935928E-02 -0.1757624189553E-01
 -0.4005631600219E-01  0.1641259624421E-02  0.2978841958889E-02  0.5321519413361E-02
  -0.3963958019787E-02  0.3126700886343E-01 -0.1631401328774E-01  0.3167306726648E-01  0.1048114069708E+00
  0.5749221637422E-01  0.1088496560431E+00  0.6732733963202E+00  0.2042638398437E+00 -0.2327856538705E-02
  0.7688498326116E-01  0.7785757624828E-01 -0.9006168494126E-01  0.1310194174819E+00 -0.3520737245606E-01
  0.2806500874539E-01 -0.1574475558592E+00 -0.1084107935143E+01 -0.2977082735099E+00  0.9311357459648E-01
  0.2011798155152E+00 -0.1562530694200E-01 -0.4632029804438E-01  0.2331416302379E-01  0.8955419683401E-01
  0.1936420795905E+00  0.2772218204844E-01 -0.4663141200786E-01 -0.3027751598231E-02 -0.1881772537634E+00
 -0.3958870700558E+00 -0.2450195558960E-01  0.2195956566994E-01 -0.4365190786451E-01
  -0.4367233893135E-02  0.3293460720897E-01 -0.3721519792805E-02 -0.9064830226988E-01 -0.1136126438521E-01
  0.8433531449994E-01 -0.6174629600955E+00 -0.8424122340964E-02  0.3542318319876E+00 -0.1260103697783E+00
  0.8135132842489E-01 -0.7335102885286E-01 -0.7745320583723E-01 -0.5851236855690E-01 -0.3458747011989E-01
  0.1005356109792E-01  0.1008544475844E+01 -0.4022802549171E-02 -0.5215965876299E+00  0.1581137212347E+00
  0.3401893336431E+00  0.3534490784550E-01  0.9037719269675E-02  0.3947824119991E-01 -0.1646204339584E+00
 -0.3448427898547E+00 -0.1766537141127E-01 -0.7542074663038E-02 -0.5135175001938E-01  0.1255769658416E-03
  0.4864720235865E-02  0.4730787514075E-01 -0.1457400547100E-03 -0.2724259702772E-01
   0.1126474417667E+00 -0.7020535238947E+00 -0.1266201776464E+01 -0.3770696177517E+00  0.2672394113927E+00
 -0.6469948691081E+00 -0.3838943153023E+00  0.2749983169384E+00 -0.6283774952086E+00  0.6930875208637E-01
  0.1220686445648E+00 -0.2905599545381E+00  0.2056995818131E+00  0.2063376291728E+00  0.4964108641475E+00
  0.1743946125435E+01 -0.7002759182432E+00  0.4895166811079E+00 -0.1271158867307E+01  0.6947518179422E-01
 -0.3490412634678E-01  0.1633012224913E-01 -0.1181850551681E-01  0.1686088631660E-01  0.6127686026151E-01
 -0.5255079362547E-01  0.5631755355155E-02 -0.1226796041551E-01  0.2003884508103E-01  0.5993993912919E-01
 -0.5531616853029E-01  0.1307223004575E-01 -0.1061732521397E-02  0.1984080976476E-01
  -0.6630263983515E-01  0.6686908473989E+00 -0.1607478545691E+01  0.2047528791104E+00 -0.1463584784814E+00
 -0.3491407618578E+00 -0.3906172081863E+00  0.2668294951264E+00  0.7088318234831E+00 -0.2512413022124E-01
 -0.4955188883293E-01 -0.1116905674615E+00 -0.7680064498041E-01  0.8130283426275E-01 -0.2844102385559E-01
 -0.6283112597399E-01  0.4008440455125E-02 -0.2117224450226E-02  0.1971947766769E-02 -0.9736404185623E+00
  0.2431011789480E+01  0.2327338074750E+00 -0.1496243304078E+00 -0.4546146196788E+00 -0.2100443555226E-01
 -0.4745092762183E-01 -0.2971497887473E-02 -0.1761895692891E-02 -0.4815653673909E-02 -0.1757613943172E-01
 -0.4005609231424E-01  0.1641273519696E-02  0.2978820412656E-02 -0.5321545781709E-02
  -0.3964012985264E-02  0.3126742344952E-01 -0.1631422010849E-01  0.3167354898217E-01  0.1048111503989E+00
 -0.5749256584906E-01  0.1088510869530E+00  0.6732728259830E+00 -0.2042647931554E+00 -0.2327249971556E-02
  0.7688510123292E-01 -0.7785831196936E-01 -0.9006208352615E-01 -0.1310186411374E+00  0.9311335624305E-01
  0.2011794329016E+00 -0.1562526031344E-01 -0.4632035952283E-01 -0.2331403472074E-01 -0.3520777148285E-01
  0.2806524047918E-01 -0.1574495179473E+00 -0.1084107321351E+01  0.2977094784231E+00  0.8955435629302E-01
  0.1936424761852E+00  0.2772217800955E-01 -0.4663138685152E-01  0.3027920889642E-02 -0.1881772722102E+00
 -0.3958870200144E+00 -0.2450216752372E-01  0.2195968135659E-01  0.4365172989993E-01
  -0.4367302658780E-02  0.3293512056274E-01 -0.3721453191955E-02 -0.9064773743409E-01 -0.1136152232781E-01
 -0.8433604685178E-01 -0.6174615575950E+00 -0.8424300774699E-02 -0.3542342553500E+00 -0.1260108590909E+00
  0.8135132652164E-01  0.7334949783141E-01 -0.7745336500348E-01  0.5851302864176E-01  0.1581137855525E+00
  0.3401895119238E+00  0.3534502004322E-01  0.9037562825853E-02 -0.3947814763681E-01 -0.3458806342754E-01
  0.1005376491699E-01  0.1008542770517E+01 -0.4022907600636E-02  0.5215999184532E+00 -0.1646203625866E+00
 -0.3448426259542E+00 -0.1766552864858E-01 -0.7541988341694E-02  0.5135170957791E-01  0.1253239194380E-03
  0.4864236066834E-02  0.4730774024489E-01 -0.1456381938834E-03  0.2724282003051E-01
   0.1126474712967E+00 -0.7020537299314E+00 -0.1266201683266E+01 -0.3770720304255E+00  0.2672411973937E+00
  0.6469928571497E+00 -0.3838966327174E+00  0.2750000523965E+00  0.6283750616239E+00  0.6930688379347E-01
  0.1220702074908E+00  0.2905608166620E+00  0.2056973863753E+00 -0.2063382893426E+00  0.6947532723107E-01
 -0.3490398792751E-01  0.1633018713105E-01 -0.1181856185687E-01 -0.1686081837291E-01  0.4964111084867E+00
  0.1743945678568E+01 -0.7002802201312E+00  0.4895197917655E+00  0.1271155452571E+01  0.6127686973542E-01
 -0.5255073308411E-01  0.5631859704105E-02 -0.1226801599615E-01 -0.2003877212641E-01  0.5993993380268E-01
 -0.5531615052247E-01  0.1307230828057E-01 -0.1061800458818E-02 -0.1984074016575E-01
  -0.6632298411117E-01  0.6689827416933E+00 -0.1604062944274E+01 -0.4059890520721E+00 -0.1445384280923E+00
 -0.5087447372371E-06  0.8035873284751E+00  0.2782519555083E+00  0.1273935742865E-05  0.1390041549599E+00
  0.9258213339641E-01  0.2931578393696E-06  0.1632590618822E-01  0.9699909680744E-07 -0.2357273451463E-01
 -0.5166624400960E-01 -0.1642207021096E-02 -0.2725809914266E-02  0.4237469588801E-02 -0.2357264215494E-01
 -0.5166606242012E-01 -0.1642219862065E-02 -0.2725822396731E-02 -0.4237481425904E-02 -0.9738901196556E+00
  0.2428544990373E+01 -0.5060957489289E+00 -0.1695297293493E+00 -0.9977877103962E-06 -0.2132284433852E-01
 -0.4718266184502E-01 -0.4477799266133E-02  0.3375506204540E-02 -0.2643486316613E-07
  -0.7630976138761E-03  0.6715726489631E-02 -0.9980774178110E-02 -0.4495668771178E-01  0.1122086329168E+00
 -0.6066072586662E-08 -0.2325350118324E+00  0.6727709588315E+00 -0.2051686237982E-08  0.1079542923210E+00
 -0.1574483862883E+00  0.2022385862523E-06 -0.2203223366990E-01 -0.4089761006889E-06  0.9293456511293E-01
  0.1973530479306E+00 -0.1209816792468E-01 -0.4644472321533E-01 -0.2523121941761E-01  0.9293515759318E-01
  0.1973543063089E+00 -0.1209845244921E-01 -0.4644462833313E-01  0.2523126131873E-01 -0.8882964897044E-02
  0.1548844952351E-01  0.3715349552373E+00 -0.1072283293798E+01 -0.1842634991114E-08 -0.1867852647275E+00
 -0.3956544032446E+00  0.4953829315779E-01  0.2183262765119E-01 -0.3953624548155E-07
  -0.5050035092892E-07  0.3774431315967E-06 -0.5092938451107E-07 -0.1700277696766E-06 -0.6295376311824E-07
 -0.1207496404201E+00  0.8724403168582E-06  0.3161363185484E-06 -0.7118719358738E+00 -0.1831273994702E-06
 -0.1643764665633E-06  0.1643706095883E+00 -0.5721970275351E-07  0.9949449046287E-01  0.1615051752284E+00
  0.3423702043233E+00 -0.5237734235911E-01  0.8270368010783E-02  0.1058925373632E-01 -0.1615048900825E+00
 -0.3423695021427E+00  0.5237727658602E-01 -0.8270510024551E-02  0.1058955583330E-01 -0.4221916055221E-06
  0.2149628099493E-06 -0.1877543250939E-05 -0.6536611539248E-06  0.1134841670858E+01 -0.3739003871669E-06
 -0.7593959742654E-06 -0.1403203654073E-08  0.1181726533839E-06  0.5448757034798E-01
   0.1126972277099E+00 -0.7021425226630E+00 -0.1267413854891E+01  0.7495706721671E+00  0.2652187506496E+00
  0.9674365718817E-06  0.7405620806026E+00  0.2632792717008E+00  0.8949680233881E-06 -0.3612589784201E+00
 -0.2364031106867E+00 -0.8397494954541E-06 -0.4179183251862E-01 -0.2942569600603E-06  0.6382954426373E-01
 -0.4718993940712E-01 -0.2121447579090E-01 -0.1118340258188E-01  0.5834902594052E-02  0.6382945604375E-01
 -0.4718990612747E-01 -0.2121444653015E-01 -0.1118340764530E-01 -0.5834922321058E-02  0.4953814463051E+00
  0.1746175924172E+01  0.1444388542761E+01  0.5083476677031E+00  0.2218588953474E-05  0.6335427560501E-01
 -0.4837109886095E-01 -0.2457383149703E-01 -0.1500432287194E-02 -0.3341051477562E-07
  -0.6665091475112E-01  0.6710719572488E+00 -0.1600680176501E+01 -0.1452548906061E-02  0.4332991476256E+00
 -0.5350400918369E-06 -0.8664992057045E-02 -0.8482706135357E+00  0.1391084122782E-05 -0.8414434639792E-01
 -0.2275967668878E-02  0.1745507078750E-07  0.1466981348936E+00 -0.3201726064098E-06 -0.2186248976502E-01
 -0.4756987121027E-01  0.2806910165316E-02  0.2928791091700E-02  0.3720220797694E-02 -0.2186237615923E-01
 -0.4756956832657E-01  0.2806906728123E-02  0.2928814033236E-02 -0.3720230724266E-02 -0.2514519461332E-01
 -0.5493298123420E-01 -0.4743594154731E-02  0.1956404355572E-02 -0.3108340580624E-07 -0.9748179047720E+00
  0.2423646438551E+01  0.1375612822303E-01  0.5380930388579E+00 -0.1112760212256E-05
  -0.6627081955618E-07  0.4928963308179E-06 -0.3361382078601E-07 -0.3415229165209E-09  0.2785258783978E-06
 -0.1207475774321E+00 -0.2251599574997E-07 -0.9455909317289E-06 -0.7119106950103E+00  0.7558661435630E-07
 -0.5503225751119E-07 -0.3901971632279E-01 -0.2045611303342E-06 -0.1881763242287E+00  0.1615027317599E+00
  0.3423989625449E+00 -0.2526125374359E-01  0.4663813077300E-01  0.1059303243603E-01 -0.1615024676277E+00
 -0.3423982634261E+00  0.2526136491969E-01 -0.4663802748971E-01  0.1059333577875E-01 -0.3775711723988E-06
 -0.7442633134420E-06 -0.1096476540536E-06 -0.3617015619622E-07  0.5451302606553E-01 -0.5314221938069E-06
  0.1958692677007E-06  0.2571060671633E-07  0.2246969402869E-05  0.1134851264730E+01
  -0.1711362957444E-02  0.1374377707383E-01 -0.9275690450808E-02  0.1207670263056E+00  0.1166288353033E-01
 -0.1556258287948E-07  0.7117902349111E+00 -0.3980721301313E-02 -0.6441966799384E-08 -0.3660714875180E-01
  0.1881760648764E+00 -0.4601686501916E-06 -0.1473023502603E-01  0.3432992105393E-07 -0.9400571202592E-01
 -0.1978726593828E+00 -0.3974878671581E-01 -0.2707633087818E-01  0.2525558419772E-01 -0.9400629128616E-01
 -0.1978739153505E+00 -0.3974861048074E-01 -0.2707656924704E-01 -0.2525561807431E-01  0.1856881635966E+00
  0.3951442651316E+00  0.4048397420358E-02  0.5382044673786E-01  0.3478754428207E-07 -0.1584958604145E-01
  0.1531631304659E-01 -0.1134729647795E+01  0.1880492712125E-01 -0.7311334496855E-08
   0.1125032074173E+00 -0.7001372138818E+00 -0.1272311458095E+01  0.1018929520870E-02 -0.7938350116156E+00
  0.1002369718267E-05  0.5719503222097E-02 -0.7886383573797E+00  0.8719866139920E-06  0.2163732033811E+00
  0.1516737222275E-02 -0.1247471261139E-07 -0.3754259052770E+00  0.9214910520113E-06  0.6282315140156E-01
 -0.4931060830808E-01  0.3086429005973E-02  0.2347007321198E-01  0.6104055235365E-02  0.6282302926969E-01
 -0.4931067739086E-01  0.3086458834569E-02  0.2347003153012E-01 -0.6104084961857E-02  0.6515802351121E-01
 -0.4460736169098E-01 -0.6754623853531E-02  0.2422385461539E-01 -0.2847399426025E-07  0.4927915046222E+00
  0.1753535700871E+01 -0.9114470613593E-02 -0.1529618196731E+01  0.2427164687862E-05
   0.1662800690196E+00 -0.6812919224819E+00 -0.1079417300256E+00 -0.3482975707052E+00  0.2465197800005E+00
 -0.6031869550853E+00 -0.2042278890640E+00  0.1437355183620E+00 -0.3538649261437E+00  0.4700522787365E-02
  0.7700457477009E-02 -0.1881266991927E-01  0.1348019980748E-01  0.1330909174687E-01  0.1149553662761E+01
  0.2470735343533E+00 -0.1985900155080E-01  0.1390685962401E-01 -0.3455680956270E-01 -0.5039044099559E-02
 -0.9173345440780E-02 -0.1108356329847E-02  0.7778638392562E-03 -0.3145238453957E-02 -0.4979110344677E-02
 -0.9113478661349E-02 -0.2170480545283E-02  0.7899525278604E-03 -0.2554099284774E-02 -0.4786267194946E-02
 -0.8679847522257E-02 -0.1473981111643E-02  0.1772792382885E-02 -0.2554410587828E-02
   0.1662800727448E+00 -0.6812919536493E+00 -0.1079416416147E+00 -0.3482997547989E+00  0.2465213770422E+00
  0.6031850585440E+00 -0.2042291434363E+00  0.1437364488843E+00  0.3538637795095E+00  0.4700405089722E-02
  0.7700555223569E-02  0.1881272631782E-01  0.1348006097478E-01 -0.1330913488648E-01 -0.5039050295986E-02
 -0.9173342542320E-02 -0.1108367603735E-02  0.7778716053326E-03  0.3145232065412E-02  0.1149553728000E+01
  0.2470733947965E+00 -0.1985912708966E-01  0.1390695149123E-01  0.3455670366084E-01 -0.4979105080947E-02
 -0.9113478299975E-02 -0.2170490050060E-02  0.7899592136674E-03  0.2554089401581E-02 -0.4786262305351E-02
 -0.8679857418327E-02 -0.1473990606450E-02  0.1772799347214E-02  0.2554400686040E-02
   0.1663093552888E+00 -0.6817581101038E+00 -0.1058950760868E+00  0.6966694564604E+00  0.2465343729026E+00
  0.9276058405741E-06  0.4076471237013E+00  0.1434639801899E+00  0.5457580151488E-06 -0.2335405732232E-01
 -0.1537080593114E-01 -0.5620602946531E-07 -0.2809635929496E-02 -0.1964870568583E-07 -0.4983540518846E-02
 -0.9213532442125E-02  0.3276678789579E-02  0.7792243815067E-03  0.6059943900301E-03 -0.4983534509073E-02
 -0.9213536087348E-02  0.3276682191683E-02  0.7792234652633E-03 -0.6059841103008E-03  0.1150343468379E+01
  0.2443326431491E+00  0.3996814412746E-01  0.1388664099490E-01  0.5713806190139E-07 -0.4720371242298E-02
 -0.8788987053203E-02  0.2955100752590E-02  0.1747505373883E-02  0.3073219613550E-08
   0.1660628147598E+00 -0.6795954397997E+00 -0.1120120744129E+00  0.4407921018476E-04 -0.7392816823718E+00
  0.9788734182635E-06 -0.9818781859172E-04 -0.4315886263728E+00  0.5701097643434E-06  0.1404804563992E-01
  0.7520605195316E-04 -0.1426959654840E-10 -0.2428315043403E-01  0.6375493463935E-07 -0.4366952935740E-02
 -0.7678958473919E-02  0.3394200724698E-03 -0.3361666936381E-02  0.5880393128151E-03 -0.4366940322539E-02
 -0.7678968539415E-02  0.3394223281199E-03 -0.3361668905621E-02 -0.5880291569789E-03 -0.4404749722102E-02
 -0.7732895208273E-02 -0.7039764504016E-03 -0.3369191571239E-02  0.3216627474261E-08  0.1150882593240E+01
  0.2444908807046E+00 -0.8338133151692E-04 -0.4219102044035E-01  0.5650739395005E-07
     1.998722676    1.998722679    1.998744323    1.998773141    1.999337246
     0.000000000    0.000000007    0.000000001    0.000000000    0.000000000
     0.000000000    0.000000000    0.000000000    0.000000000    0.000641617
     0.000168275    0.000166708    0.000000176    0.000641618    0.000168275
     0.000166708    0.000000176    0.000637589    0.000165298    0.000168540
     0.000000164    0.000625695    0.000170760    0.000171139    0.000000127
     0.000448732    0.000448733    0.000453259    0.000456378
   1  1  1  1  1  1  1  1  1  1  1  1  1  1  1  1  1  1  1  1
   1  1  1  1  1  1  1  1  1  1  1  1  1  1
   2  2  2  2  1 21 21 21 21 21 21 21 21 21 21 21 21 21 21 21
  21 21 21 21 21 21 21 21 21 21 22 22 22 22
 CR BD BD BD BD RY RY RY RY RY RY RY RY RY RY RY RY RY RY RY 
 RY RY RY RY RY RY RY RY RY RY BD BD BD BD 
                *  *  *  *  *  *  *  *  *  *  *  *  *  *  *  
 *  *  *  *  *  *  *  *  *  *  *  *  *  *  
   1  1  1  1  1  1  2  3  4  5  6  7  8  9  1  2  3  4  1  2
   3  4  1  2  3  4  1  2  3  4  1  1  1  1
   1  1  1  1  1  1  1  1  1  1  1  1  1  1  2  2  2  2  3  3
   3  3  4  4  4  4  5  5  5  5  1  1  1  1
   0  2  3  4  5  0  0  0  0  0  0  0  0  0  0  0  0  0  0  0
   0  0  0  0  0  0  0  0  0  0  2  3  4  5
   0  0  0  0  0  0  0  0  0  0  0  0  0  0  0  0  0  0  0  0
   0  0  0  0  0  0  0  0  0  0  0  0  0  0
   2  3  4  5  1  6  7  8  9 10 11 12 13 14 15 16 17 18 19 20
  21 22 23 24 25 26 27 28 29 30 31 32 33 34
   6  1  1  1  1
