  *** NBO job generated by orca_scf                                             
 Basis set information needed for plotting orbitals
 ---------------------------------------------------------------------------
      5    18    32
 ---------------------------------------------------------------------------
    6  -0.814080459  -1.095647735   0.000002117
    1  -1.174536421  -0.212709675   0.509764911
    1  -1.174539067  -1.978583680   0.509768086
    1  -1.174538009  -1.095649323  -1.019525588
    1   0.267292191  -1.095649323   0.000002117
 ---------------------------------------------------------------------------
      1     1     1     5
      1
      1     1     6     1
      1
      1     1     7     1
      1
      1     3     8     3
    103   101   102
      1     3    11     1
    103   101   102
      1     5    12     1
    255   252   253   254   251
      2     1    13     3
      1
      2     1    16     1
      1
      2     3    17     1
    103   101   102
      3     1    18     3
      1
      3     1    21     1
      1
      3     3    22     1
    103   101   102
      4     1    23     3
      1
      4     1    26     1
      1
      4     3    27     1
    103   101   102
      5     1    28     3
      1
      5     1    31     1
      1
      5     3    32     1
    103   101   102
 ---------------------------------------------------------------------------
     0.123840170E+04   0.186290050E+03   0.422511750E+02   0.116765580E+02
     0.359305070E+01   0.402451490E+00   0.130901830E+00   0.946809670E+01
     0.201035450E+01   0.547710060E+00   0.152686130E+00   0.800000010E+00
     0.130107010E+02   0.196225710E+01   0.444537970E+00   0.121949620E+00
     0.800000010E+00   0.130107010E+02   0.196225710E+01   0.444537970E+00
     0.121949620E+00   0.800000010E+00   0.130107010E+02   0.196225710E+01
     0.444537970E+00   0.121949620E+00   0.800000010E+00   0.130107010E+02
     0.196225710E+01   0.444537970E+00   0.121949620E+00   0.800000010E+00

     0.820895670E+00   0.147664500E+01   0.215261240E+01   0.210817220E+01
     0.829100010E+00   0.360118330E+00   0.155102700E+00   0.000000000E+00
     0.000000000E+00   0.000000000E+00   0.000000000E+00   0.000000000E+00
     0.163490400E+00   0.277351560E+00   0.315750150E+00   0.147077230E+00
     0.000000000E+00   0.163490400E+00   0.277351560E+00   0.315750150E+00
     0.147077230E+00   0.000000000E+00   0.163490400E+00   0.277351560E+00
     0.315750150E+00   0.147077230E+00   0.000000000E+00   0.163490400E+00
     0.277351560E+00   0.315750150E+00   0.147077230E+00   0.000000000E+00

     0.000000000E+00   0.000000000E+00   0.000000000E+00   0.000000000E+00
     0.000000000E+00   0.000000000E+00   0.000000000E+00   0.134676460E+01
     0.106780710E+01   0.510873560E+00   0.136047200E+00   0.000000000E+00
     0.000000000E+00   0.000000000E+00   0.000000000E+00   0.000000000E+00
     0.107845640E+01   0.000000000E+00   0.000000000E+00   0.000000000E+00
     0.000000000E+00   0.107845640E+01   0.000000000E+00   0.000000000E+00
     0.000000000E+00   0.000000000E+00   0.107845640E+01   0.000000000E+00
     0.000000000E+00   0.000000000E+00   0.000000000E+00   0.107845640E+01

     0.000000000E+00   0.000000000E+00   0.000000000E+00   0.000000000E+00
     0.000000000E+00   0.000000000E+00   0.000000000E+00   0.000000000E+00
     0.000000000E+00   0.000000000E+00   0.000000000E+00   0.192920140E+01
     0.000000000E+00   0.000000000E+00   0.000000000E+00   0.000000000E+00
     0.000000000E+00   0.000000000E+00   0.000000000E+00   0.000000000E+00
     0.000000000E+00   0.000000000E+00   0.000000000E+00   0.000000000E+00
     0.000000000E+00   0.000000000E+00   0.000000000E+00   0.000000000E+00
     0.000000000E+00   0.000000000E+00   0.000000000E+00   0.000000000E+00

     0.000000000E+00   0.000000000E+00   0.000000000E+00   0.000000000E+00
     0.000000000E+00   0.000000000E+00   0.000000000E+00   0.000000000E+00
     0.000000000E+00   0.000000000E+00   0.000000000E+00   0.000000000E+00
     0.000000000E+00   0.000000000E+00   0.000000000E+00   0.000000000E+00
     0.000000000E+00   0.000000000E+00   0.000000000E+00   0.000000000E+00
     0.000000000E+00   0.000000000E+00   0.000000000E+00   0.000000000E+00
     0.000000000E+00   0.000000000E+00   0.000000000E+00   0.000000000E+00
     0.000000000E+00   0.000000000E+00   0.000000000E+00   0.000000000E+00

     0.000000000E+00   0.000000000E+00   0.000000000E+00   0.000000000E+00
     0.000000000E+00   0.000000000E+00   0.000000000E+00   0.000000000E+00
     0.000000000E+00   0.000000000E+00   0.000000000E+00   0.000000000E+00
     0.000000000E+00   0.000000000E+00   0.000000000E+00   0.000000000E+00
     0.000000000E+00   0.000000000E+00   0.000000000E+00   0.000000000E+00
     0.000000000E+00   0.000000000E+00   0.000000000E+00   0.000000000E+00
     0.000000000E+00   0.000000000E+00   0.000000000E+00   0.000000000E+00
     0.000000000E+00   0.000000000E+00   0.000000000E+00   0.000000000E+00
