  *** NBO job generated by orca_scf                                             
 Spinless AO density matrix:                                                    
 -------------------------------------------------------------------------------
   0.1999299628944E+01  0.6632256855091E+00  0.1759403679313E+01  0.2963176434703E+00  0.1718916305684E+01
  0.1750049824169E+01  0.4472109065403E-05 -0.3343811373998E-04  0.5866957363970E-04  0.1305171182439E+01
  0.3175850472021E-04 -0.4970933329370E-03  0.3494301070402E-03 -0.2281003785315E-03  0.1305606613586E+01
  0.4049853490764E-09 -0.3047985495416E-08  0.3254695425003E-09 -0.1193418621427E-07  0.7423578482033E-08
  0.1303785148286E+01  0.4021764693132E-06  0.1608400267930E-03  0.2678528647544E-03  0.1356500888896E+01
 -0.7481918276900E-04  0.2585386729868E-08  0.1409849335283E+01  0.5871757484315E-05  0.1426878064889E-03
  0.1062201011505E-02 -0.9181923689532E-04  0.1356124976434E+01  0.1769270226840E-08  0.7318538651224E-04
  0.1408598371951E+01  0.1860214133651E-09 -0.1326780731018E-08  0.1748456098460E-08  0.1797880297428E-09
 -0.7215232070218E-09  0.1356429841189E+01  0.1533324268850E-07 -0.6515964104081E-08  0.1411200242090E+01
 -0.8221373706655E-05  0.1634082281812E-03  0.6036713666853E-04 -0.2062090822609E+00 -0.1460105848747E+00
 -0.9197836605803E-06 -0.2143370003423E+00 -0.1516831150711E+00 -0.9579031217360E-06  0.4891672420856E-01
 -0.6387437515940E-07  0.2685085801974E-05 -0.9465690256923E-05 -0.1684775201593E+00 -0.7761781195476E-04
  0.3169121095927E-06 -0.1751034099948E+00 -0.9935291820367E-04  0.3282159759549E-06  0.2663039629993E-01
  0.2174786484587E-01 -0.1630462433977E-09 -0.4050722728770E-08 -0.3525342619595E-08 -0.1066989887716E-05
  0.3177651483106E-06  0.2380674023820E+00 -0.1106420804622E-05  0.3290354857577E-06  0.2476801716248E+00
 -0.3503198137271E-07  0.1953528679833E-06  0.4347042014069E-01  0.1023915393960E-06 -0.4924160764802E-05
  0.1563832099392E-03 -0.1191323886711E+00  0.2528362528325E+00 -0.1420299828438E-05 -0.1237861921090E+00
  0.2626061473132E+00 -0.1480171446121E-05 -0.9458022855293E-02  0.1535742737166E-01 -0.1008423158245E-06
  0.5982882825332E-01  0.1304483045401E-09  0.3517094074530E-08  0.2706315660203E-08  0.3183738556294E-06
 -0.8930017467158E-06 -0.1683038508684E+00  0.3290668423400E-06 -0.9267957096616E-06 -0.1750996829229E+00
  0.1683791857551E-06 -0.8179642126709E-07 -0.3073179709923E-01 -0.1833984337404E-07  0.2172611513751E-01
  0.9742023877895E-01  0.8890532802777E+00  0.9161580798036E+00  0.5523718851766E+00 -0.3908740259791E+00
  0.9562127404908E+00  0.5741564372679E+00 -0.4055664746762E+00  0.9948230426967E+00 -0.4350166684118E-01
 -0.7127143732445E-01  0.1746011375463E+00 -0.1260396071117E+00 -0.1234357991123E+00  0.1533439514200E+01
  0.1672027867596E+00  0.1229101550595E+01  0.1260206430930E+01  0.3427771385115E+00 -0.2419139255566E+00
  0.5941929044671E+00  0.3563776876130E+00 -0.2507293051949E+00  0.6181854399690E+00 -0.2702422685881E-01
 -0.4422864087519E-01  0.1084975672910E+00 -0.7805233524136E-01 -0.7670330297666E-01  0.1314420433677E+01
  0.1314261983708E+01 -0.8608081550796E-01 -0.2325401893869E+00 -0.2274314931274E+00  0.1877722943689E+00
  0.9061286148328E-01 -0.2212802761445E+00  0.1951423310039E+00  0.9405252717731E-01 -0.2302152076632E+00
 -0.3982003383475E-01 -0.2424577910779E-01 -0.4040527013472E-01  0.4016834849728E-03  0.2856475309388E-01
 -0.2276324567253E+00 -0.2309998693939E+00  0.1015895793954E+00  0.6087174449554E-01  0.1644540323453E+00
  0.1610709932549E+00  0.9040403377340E-01  0.2516249282835E+00  0.1564143964559E+00  0.9400906400319E-01
  0.2614330275804E+00  0.1627301511253E+00 -0.4242259484804E-01 -0.1169052422686E-01  0.2856080394613E-01
  0.4048356523163E-01 -0.2019147136459E-01  0.1609553463780E+00  0.1635569873365E+00 -0.1781591824392E-01
  0.8891863498636E-01 -0.1490916131682E+00 -0.4030481183198E+00 -0.3942548363918E+00 -0.2218254703699E+00
  0.1570923311732E+00 -0.6783904811598E-01 -0.2305748350966E+00  0.1629947161301E+00 -0.7057828021813E-01
  0.1745537900427E-01  0.2862174523473E-01 -0.1238699438936E-01  0.5063898564026E-01  0.8757088587778E-02
 -0.3946328458410E+00 -0.4002537935834E+00  0.4376126889241E-01 -0.3092610204838E-01  0.1524341948697E+00
  0.9742024145858E-01  0.8890533009655E+00  0.9161580949434E+00  0.5523753491025E+00 -0.3908765627325E+00
 -0.9562097241659E+00  0.5741600161417E+00 -0.4055691011167E+00 -0.9948198880052E+00 -0.4350057993624E-01
 -0.7127234712279E-01 -0.1746016813935E+00 -0.1260383277409E+00  0.1234362151511E+00  0.1308465856863E+00
  0.4428458066818E+00  0.9694693205101E-01 -0.6847718517750E-01 -0.2951258412414E+00  0.1533439536561E+01
  0.1672027886501E+00  0.1229101563391E+01  0.1260206440449E+01  0.3427792767940E+00 -0.2419154896943E+00
 -0.5941910176219E+00  0.3563798966034E+00 -0.2507309246566E+00 -0.6181834660225E+00 -0.2702355048950E-01
 -0.4422920435288E-01 -0.1084979047715E+00 -0.7805153659113E-01  0.7670356081823E-01  0.4428458025568E+00
  0.7726634067773E+00 -0.2930545720356E-01  0.2098706142585E-01 -0.3384198975799E+00  0.1314420432389E+01
  0.1314261973691E+01 -0.8608135660255E-01 -0.2325416434972E+00 -0.2274329132315E+00  0.1877706956101E+00
  0.9061401846351E-01  0.2212809589862E+00  0.1951406745083E+00  0.9405372601968E-01  0.2302159196742E+00
 -0.3982022323577E-01 -0.2424546576686E-01  0.4040513314295E-01  0.4015702972771E-03 -0.2856487460242E-01
  0.9694587095026E-01 -0.2930667098648E-01  0.2647749768135E-01  0.3527788897453E-01  0.2073449582059E-01
 -0.2276338819342E+00 -0.2310013117662E+00  0.1015898966458E+00  0.6087214121682E-01  0.1644551051403E+00
  0.1610720415035E+00  0.9040518892050E-01  0.2516240964898E+00 -0.1564149159207E+00  0.9401026081730E-01
  0.2614321653652E+00 -0.1627306924793E+00 -0.4242246324818E-01 -0.1169074889797E-01 -0.2856092494751E-01
  0.4048364019329E-01  0.2019123893531E-01 -0.6847640276458E-01  0.2098795645694E-01  0.3527788561538E-01
  0.5138869231617E-01 -0.1464938857844E-01  0.1609563972329E+00  0.1635580518857E+00 -0.1781614573171E-01
  0.8891879983512E-01  0.1490911477191E+00  0.4030468527639E+00  0.3942535966161E+00  0.2218261579187E+00
 -0.1570928575170E+00 -0.6783662901375E-01  0.2305755475764E+00 -0.1629952623376E+00 -0.7057575565464E-01
 -0.1745533296833E-01 -0.2862186667052E-01 -0.1238699216679E-01 -0.5063900211934E-01  0.8757099816863E-02
  0.2951263718720E+00  0.3384197418111E+00 -0.2073396982326E-01  0.1464899258621E-01 -0.1453745557545E+00
  0.3946316134466E+00  0.4002525343081E+00 -0.4376140704186E-01  0.3092620795133E-01  0.1524337231715E+00
  0.9741320507212E-01  0.8891885796158E+00  0.9161814866794E+00 -0.1104695438805E+01 -0.3907650776250E+00
 -0.1468685835077E-05 -0.1148079972406E+01 -0.4056374964452E+00 -0.1535030376723E-05  0.2183257496599E+00
  0.1426302454188E+00  0.5366938881823E-06  0.2517894965077E-01  0.1898485957379E-06  0.1309449642856E+00
  0.4435398504796E+00 -0.3037661180659E+00 -0.6856575646513E-01 -0.6328842438051E-01  0.1309449652779E+00
  0.4435398597169E+00 -0.3037663472402E+00 -0.6856558812865E-01  0.6328751241427E-01  0.1533591903817E+01
  0.1672022199754E+00  0.1229009515825E+01  0.1260034779403E+01 -0.6857011481989E+00 -0.2420221307504E+00
 -0.9174299573648E-06 -0.7125486015532E+00 -0.2509560915393E+00 -0.9584511814066E-06  0.1355016895306E+00
  0.8853196408728E-01  0.3307355790275E-06  0.1576918091904E-01  0.1194402674127E-06  0.4433804201489E+00
  0.7733146414078E+00 -0.2781217914934E+00  0.2096664939153E-01 -0.1945448435233E+00  0.4433804348014E+00
  0.7733146559714E+00 -0.2781224948224E+00  0.2096716796148E-01  0.1945437893946E+00  0.1314063284405E+01
  0.1313611929909E+01  0.1721565008845E+00  0.4653578121620E+00  0.4551691483604E+00 -0.1962097665214E+00
 -0.1812001306469E+00 -0.6780455981457E-06 -0.2038969292731E+00 -0.1880584080118E+00 -0.7055571459451E-06
  0.5130022231459E-01  0.2534207907555E-01 -0.8587004113569E-08 -0.1716102586098E-01  0.1645236345459E-06
  0.2067232372255E+00  0.3076090465740E+00 -0.1022999229809E+00 -0.5002754232629E-02 -0.9503250760680E-01
  0.2067240683806E+00  0.3076095633173E+00 -0.1023004578452E+00 -0.5002366199001E-02  0.9503221312166E-01
  0.4558846367175E+00  0.4622317069136E+00  0.1777071018897E+00  0.6087027776888E-01  0.1644583692071E+00
  0.1610561366748E+00 -0.1809195087661E+00  0.2516499205065E+00 -0.2386320793665E-06 -0.1879850814744E+00
  0.2614288210115E+00 -0.2514525148466E-06  0.4474879143048E-03  0.2333313480489E-01  0.1646581333513E-06
  0.6524504998833E-01 -0.1847392643037E-06 -0.6858482528188E-01  0.2101641349365E-01 -0.3030497297687E-01
  0.5135558169749E-01  0.2332428188730E-01 -0.6858543821456E-01  0.2101603690462E-01 -0.3030474638807E-01
  0.5135541949586E-01 -0.2332457186225E-01  0.1610876934083E+00  0.1635149586761E+00  0.3578851731748E-01
  0.8896122233757E-01  0.2297027802003E-06  0.6227901430824E-06  0.6100582788199E-06 -0.6870290823838E-06
 -0.2423803334272E-06  0.3156440609890E+00 -0.7103612287527E-06 -0.2530335071887E-06  0.3283892475176E+00
 -0.8723736382568E-07  0.1650531306747E-06  0.5763569388139E-01 -0.3286594784041E-06 -0.4074606238888E-01
  0.2314974997605E+00  0.1438533452895E+00 -0.5357175830988E-01  0.3786761047036E-01 -0.1642376857192E-01
 -0.2314965710723E+00 -0.1438522846946E+00  0.5357152804644E-01 -0.3786780855332E-01 -0.1642307098409E-01
  0.6123084559831E-06  0.6188909639051E-06  0.1375292794259E-06  0.4829148603454E-07  0.7641686469911E-01
  0.9743965699834E-01  0.8887867592406E+00  0.9168857951185E+00 -0.1022708180326E-03  0.1171994677347E+01
 -0.1544505502864E-05  0.1488454371018E-03  0.1217713687217E+01 -0.1613251028775E-05 -0.1310268792205E+00
 -0.8390469516060E-04  0.1727419457543E-09  0.2270022946705E+00 -0.5998396516016E-06  0.1307508746568E+00
  0.4442851352385E+00 -0.3636720762869E-01  0.3092070802240E+00 -0.6306461342115E-01  0.1307508808500E+00
  0.4442851500097E+00 -0.3636743089792E-01  0.3092072483618E+00  0.6306366104092E-01  0.1307715212544E+00
  0.4440415865042E+00  0.7292978339063E-01  0.3092070080476E+00 -0.2773680818876E-06  0.1533815225160E+01
  0.1672109837096E+00  0.1229024005637E+01  0.1260750878317E+01  0.1382234986739E-03  0.7273226143347E+00
 -0.9628251731693E-06  0.3839588252141E-03  0.7559723460035E+00 -0.1005222001376E-05 -0.8130212347877E-01
 -0.7884628243098E-04 -0.2285054815061E-08  0.1408931727845E+00 -0.3704402425815E-06  0.4436977282081E+00
  0.7741591823030E+00 -0.1121966412862E+00  0.2553628612610E+00 -0.1945830207066E+00  0.4436977454429E+00
  0.7741591998777E+00 -0.1121973414224E+00  0.2553633800141E+00  0.1945819415357E+00  0.4434932838852E+00
  0.7737994352040E+00  0.2246603638988E+00  0.2553198400298E+00  0.6716592110654E-07  0.1314465965811E+01
  0.1314246760219E+01  0.8148551058406E-06 -0.2246085640574E-04 -0.9163643522540E-06  0.3159937527543E+00
 -0.1317823993526E-03 -0.6427448160357E-09  0.3284211277536E+00 -0.1017558811855E-03  0.2376930004285E-08
 -0.4991652196041E-01 -0.4078992585656E-01 -0.2579482758135E-06 -0.2885785446881E-01  0.7684871496171E-07
  0.1337491735551E+00  0.8299270105359E-01  0.4545796260618E-01  0.2187152959872E-01 -0.5371185744754E-01
  0.1337500090940E+00  0.8299321681336E-01  0.4545757626572E-01  0.2187180875883E-01  0.5371202370166E-01
 -0.2674418112406E+00 -0.1660111810806E+00 -0.4749734888349E-01 -0.4381835392401E-01 -0.1657760809226E-06
 -0.1014597556278E-03 -0.2011404566751E-04  0.7650495127555E-01 -0.1826118871296E+00 -0.4933503869601E+00
 -0.4828484879227E+00  0.1953500650533E-03 -0.2602038497462E+00  0.7565514508304E-06  0.1156701147724E-03
 -0.2704573730905E+00  0.7882334012114E-06  0.2904699210800E-01 -0.3408189285595E-05  0.7595716141611E-07
 -0.5042808940685E-01  0.7937095031868E-07 -0.1718082829424E+00 -0.2970193576466E+00  0.4717371537071E-01
 -0.9629092012239E-01  0.8169723630291E-01 -0.1718088932181E+00 -0.2970197392496E+00  0.4717414931985E-01
 -0.9629123677527E-01 -0.8169685509943E-01 -0.1720469452795E+00 -0.2970829254065E+00 -0.9441151587741E-01
 -0.9632641520463E-01  0.5686206985329E-07 -0.4834361625432E+00 -0.4903047586060E+00  0.6660084948266E-04
  0.1902594058168E+00  0.2415712707327E-06  0.6533293441947E-06  0.6405461631609E-06 -0.1286127117193E-08
  0.7633309019150E-06  0.3157454605818E+00  0.2483377403362E-08  0.7916941091769E-06  0.3284947415365E+00
 -0.3081703053965E-06  0.7647234877189E-07  0.5765420921771E-01 -0.1965921760629E-06 -0.4075915196202E-01
  0.2315718724001E+00  0.1438995729943E+00 -0.5358880356835E-01  0.3788001956754E-01 -0.1642904724955E-01
 -0.2315709339297E+00 -0.1438984815531E+00  0.5358890215495E-01 -0.3787972918285E-01 -0.1642834418827E-01
 -0.2538144992426E-06  0.9357472659934E-07 -0.9704869922933E-07  0.1499597105158E-06  0.7644141334879E-01
  0.6409778189549E-06  0.6490817223895E-06  0.1882742943993E-09 -0.1521093028401E-06  0.7646596988785E-01
