100
3.0000	3.0000	1.0000
2.3333	3.0000	1.0000
1.6667	3.0000	1.0000
1.0000	3.0000	1.0000
0.3333	3.0000	1.0000
-0.3333	3.0000	1.0000
-1.0000	3.0000	1.0000
-1.6667	3.0000	1.0000
-2.3333	3.0000	1.0000
-3.0000	3.0000	1.0000
3.0000	2.3333	1.0000
2.3333	2.3333	1.0000
1.6667	2.3333	1.0000
1.0000	2.3333	1.0000
0.3333	2.3333	1.0000
-0.3333	2.3333	1.0000
-1.0000	2.3333	1.0000
-1.6667	2.3333	1.0000
-2.3333	2.3333	1.0000
-3.0000	2.3333	1.0000
3.0000	1.6667	1.0000
2.3333	1.6667	1.0000
1.6667	1.6667	1.0000
1.0000	1.6667	1.0000
0.3333	1.6667	1.0000
-0.3333	1.6667	1.0000
-1.0000	1.6667	1.0000
-1.6667	1.6667	1.0000
-2.3333	1.6667	1.0000
-3.0000	1.6667	1.0000
3.0000	1.0000	1.0000
2.3333	1.0000	1.0000
1.6667	1.0000	1.0000
1.0000	1.0000	1.0000
0.3333	1.0000	1.0000
-0.3333	1.0000	1.0000
-1.0000	1.0000	1.0000
-1.6667	1.0000	1.0000
-2.3333	1.0000	1.0000
-3.0000	1.0000	1.0000
3.0000	0.3333	1.0000
2.3333	0.3333	1.0000
1.6667	0.3333	1.0000
1.0000	0.3333	1.0000
0.3333	0.3333	1.0000
-0.3333	0.3333	1.0000
-1.0000	0.3333	1.0000
-1.6667	0.3333	1.0000
-2.3333	0.3333	1.0000
-3.0000	0.3333	1.0000
3.0000	-0.3333	1.0000
2.3333	-0.3333	1.0000
1.6667	-0.3333	1.0000
1.0000	-0.3333	1.0000
0.3333	-0.3333	1.0000
-0.3333	-0.3333	1.0000
-1.0000	-0.3333	1.0000
-1.6667	-0.3333	1.0000
-2.3333	-0.3333	1.0000
-3.0000	-0.3333	1.0000
3.0000	-1.0000	1.0000
2.3333	-1.0000	1.0000
1.6667	-1.0000	1.0000
1.0000	-1.0000	1.0000
0.3333	-1.0000	1.0000
-0.3333	-1.0000	1.0000
-1.0000	-1.0000	1.0000
-1.6667	-1.0000	1.0000
-2.3333	-1.0000	1.0000
-3.0000	-1.0000	1.0000
3.0000	-1.6667	1.0000
2.3333	-1.6667	1.0000
1.6667	-1.6667	1.0000
1.0000	-1.6667	1.0000
0.3333	-1.6667	1.0000
-0.3333	-1.6667	1.0000
-1.0000	-1.6667	1.0000
-1.6667	-1.6667	1.0000
-2.3333	-1.6667	1.0000
-3.0000	-1.6667	1.0000
3.0000	-2.3333	1.0000
2.3333	-2.3333	1.0000
1.6667	-2.3333	1.0000
1.0000	-2.3333	1.0000
0.3333	-2.3333	1.0000
-0.3333	-2.3333	1.0000
-1.0000	-2.3333	1.0000
-1.6667	-2.3333	1.0000
-2.3333	-2.3333	1.0000
-3.0000	-2.3333	1.0000
3.0000	-3.0000	1.0000
2.3333	-3.0000	1.0000
1.6667	-3.0000	1.0000
1.0000	-3.0000	1.0000
0.3333	-3.0000	1.0000
-0.3333	-3.0000	1.0000
-1.0000	-3.0000	1.0000
-1.6667	-3.0000	1.0000
-2.3333	-3.0000	1.0000
-3.0000	-3.0000	1.0000
81
5
0
10
11
1
0
5
1
11
12
2
1
5
2
12
13
3
2
5
3
13
14
4
3
5
4
14
15
5
4
5
5
15
16
6
5
5
6
16
17
7
6
5
7
17
18
8
7
5
8
18
19
9
8
5
10
20
21
11
10
5
11
21
22
12
11
5
12
22
23
13
12
5
13
23
24
14
13
5
14
24
25
15
14
5
15
25
26
16
15
5
16
26
27
17
16
5
17
27
28
18
17
5
18
28
29
19
18
5
20
30
31
21
20
5
21
31
32
22
21
5
22
32
33
23
22
5
23
33
34
24
23
5
24
34
35
25
24
5
25
35
36
26
25
5
26
36
37
27
26
5
27
37
38
28
27
5
28
38
39
29
28
5
30
40
41
31
30
5
31
41
42
32
31
5
32
42
43
33
32
5
33
43
44
34
33
5
34
44
45
35
34
5
35
45
46
36
35
5
36
46
47
37
36
5
37
47
48
38
37
5
38
48
49
39
38
5
40
50
51
41
40
5
41
51
52
42
41
5
42
52
53
43
42
5
43
53
54
44
43
5
44
54
55
45
44
5
45
55
56
46
45
5
46
56
57
47
46
5
47
57
58
48
47
5
48
58
59
49
48
5
50
60
61
51
50
5
51
61
62
52
51
5
52
62
63
53
52
5
53
63
64
54
53
5
54
64
65
55
54
5
55
65
66
56
55
5
56
66
67
57
56
5
57
67
68
58
57
5
58
68
69
59
58
5
60
70
71
61
60
5
61
71
72
62
61
5
62
72
73
63
62
5
63
73
74
64
63
5
64
74
75
65
64
5
65
75
76
66
65
5
66
76
77
67
66
5
67
77
78
68
67
5
68
78
79
69
68
5
70
80
81
71
70
5
71
81
82
72
71
5
72
82
83
73
72
5
73
83
84
74
73
5
74
84
85
75
74
5
75
85
86
76
75
5
76
86
87
77
76
5
77
87
88
78
77
5
78
88
89
79
78
5
80
90
91
81
80
5
81
91
92
82
81
5
82
92
93
83
82
5
83
93
94
84
83
5
84
94
95
85
84
5
85
95
96
86
85
5
86
96
97
87
86
5
87
97
98
88
87
5
88
98
99
89
88
