  14_a                                                                          
 Basis set information needed for plotting orbitals
 ---------------------------------------------------------------------------
     36    90   162
 ---------------------------------------------------------------------------
    6  -2.992884000  -1.750577000   1.960024000
    6  -2.378528000  -1.339374000   0.620578000
    8  -1.211334000  -1.627714000   0.364226000
    1  -4.051495000  -1.488710000   2.191518000
    1  -2.345096000  -1.360726000   2.779700000
    1  -2.926097000  -2.862678000   2.007782000
    7  -3.105380000  -0.671127000  -0.265455000
    6  -2.522115000  -0.280324000  -1.537357000
    6  -1.283731000   0.581520000  -1.288248000
    8  -0.240998000   0.350998000  -1.897485000
    1  -4.073499000  -0.431313000  -0.052561000
    1  -3.260792000   0.225060000  -2.201756000
    1  -2.186425000  -1.210419000  -2.053641000
    7  -1.334720000   1.578133000  -0.414380000
    6  -0.157330000   2.398198000  -0.178663000
    6   1.000346000   1.509427000   0.279419000
    8   2.112458000   1.638210000  -0.229297000
    6  -0.084050000   3.572870000   0.579057000
    1  -2.198795000   1.769240000   0.090891000
    1   0.147612000   2.723518000  -1.200451000
    1   0.818907000   4.201666000   0.759562000
    1  -0.486645000   3.315643000   1.585874000
    1  -0.836170000   4.261837000   0.128369000
    7   0.804986000   0.600352000   1.224621000
    6   1.904925000  -0.244403000   1.659678000
    6   2.463522000  -1.012219000   0.460149000
    8   3.677341000  -1.059953000   0.272355000
    1  -0.116992000   0.493426000   1.647236000
    1   1.610700000  -0.922685000   2.493857000
    1   2.713189000   0.423470000   2.037239000
    7   1.638316000  -1.627203000  -0.376252000
    6   2.168525000  -2.357107000  -1.515557000
    1   0.630663000  -1.587956000  -0.219240000
    1   1.474815000  -2.873327000  -2.219095000
    1   2.911931000  -3.099548000  -1.143378000
    1   2.739969000  -1.617979000  -2.124515000
 ---------------------------------------------------------------------------
      1     1     1     3
      1
      1     4     4     2
      1   101   102   103
      1     4     6     1
      1   101   102   103
      2     1     7     3
      1
      2     4    10     2
      1   101   102   103
      2     4    12     1
      1   101   102   103
      3     1    13     3
      1
      3     4    16     2
      1   101   102   103
      3     4    18     1
      1   101   102   103
      4     1    19     2
      1
      4     1    21     1
      1
      5     1    22     2
      1
      5     1    24     1
      1
      6     1    25     2
      1
      6     1    27     1
      1
      7     1    28     3
      1
      7     4    31     2
      1   101   102   103
      7     4    33     1
      1   101   102   103
      8     1    34     3
      1
      8     4    37     2
      1   101   102   103
      8     4    39     1
      1   101   102   103
      9     1    40     3
      1
      9     4    43     2
      1   101   102   103
      9     4    45     1
      1   101   102   103
     10     1    46     3
      1
     10     4    49     2
      1   101   102   103
     10     4    51     1
      1   101   102   103
     11     1    52     2
      1
     11     1    54     1
      1
     12     1    55     2
      1
     12     1    57     1
      1
     13     1    58     2
      1
     13     1    60     1
      1
     14     1    61     3
      1
     14     4    64     2
      1   101   102   103
     14     4    66     1
      1   101   102   103
     15     1    67     3
      1
     15     4    70     2
      1   101   102   103
     15     4    72     1
      1   101   102   103
     16     1    73     3
      1
     16     4    76     2
      1   101   102   103
     16     4    78     1
      1   101   102   103
     17     1    79     3
      1
     17     4    82     2
      1   101   102   103
     17     4    84     1
      1   101   102   103
     18     1    85     3
      1
     18     4    88     2
      1   101   102   103
     18     4    90     1
      1   101   102   103
     19     1    91     2
      1
     19     1    93     1
      1
     20     1    94     2
      1
     20     1    96     1
      1
     21     1    97     2
      1
     21     1    99     1
      1
     22     1   100     2
      1
     22     1   102     1
      1
     23     1   103     2
      1
     23     1   105     1
      1
     24     1   106     3
      1
     24     4   109     2
      1   101   102   103
     24     4   111     1
      1   101   102   103
     25     1   112     3
      1
     25     4   115     2
      1   101   102   103
     25     4   117     1
      1   101   102   103
     26     1   118     3
      1
     26     4   121     2
      1   101   102   103
     26     4   123     1
      1   101   102   103
     27     1   124     3
      1
     27     4   127     2
      1   101   102   103
     27     4   129     1
      1   101   102   103
     28     1   130     2
      1
     28     1   132     1
      1
     29     1   133     2
      1
     29     1   135     1
      1
     30     1   136     2
      1
     30     1   138     1
      1
     31     1   139     3
      1
     31     4   142     2
      1   101   102   103
     31     4   144     1
      1   101   102   103
     32     1   145     3
      1
     32     4   148     2
      1   101   102   103
     32     4   150     1
      1   101   102   103
     33     1   151     2
      1
     33     1   153     1
      1
     34     1   154     2
      1
     34     1   156     1
      1
     35     1   157     2
      1
     35     1   159     1
      1
     36     1   160     2
      1
     36     1   162     1
      1
 ---------------------------------------------------------------------------
     0.172256000E+03   0.259109000E+02   0.553335000E+01   0.366498000E+01
     0.770545000E+00   0.195857000E+00   0.172256000E+03   0.259109000E+02
     0.553335000E+01   0.366498000E+01   0.770545000E+00   0.195857000E+00
     0.322037000E+03   0.484308000E+02   0.104206000E+02   0.740294000E+01
     0.157620000E+01   0.373684000E+00   0.544717800E+01   0.824547200E+00
     0.183191600E+00   0.544717800E+01   0.824547200E+00   0.183191600E+00
     0.544717800E+01   0.824547200E+00   0.183191600E+00   0.242766000E+03
     0.364851000E+02   0.781449000E+01   0.542522000E+01   0.114915000E+01
     0.283205000E+00   0.172256000E+03   0.259109000E+02   0.553335000E+01
     0.366498000E+01   0.770545000E+00   0.195857000E+00   0.172256000E+03
     0.259109000E+02   0.553335000E+01   0.366498000E+01   0.770545000E+00
     0.195857000E+00   0.322037000E+03   0.484308000E+02   0.104206000E+02
     0.740294000E+01   0.157620000E+01   0.373684000E+00   0.544717800E+01
     0.824547200E+00   0.183191600E+00   0.544717800E+01   0.824547200E+00
     0.183191600E+00   0.544717800E+01   0.824547200E+00   0.183191600E+00
     0.242766000E+03   0.364851000E+02   0.781449000E+01   0.542522000E+01
     0.114915000E+01   0.283205000E+00   0.172256000E+03   0.259109000E+02
     0.553335000E+01   0.366498000E+01   0.770545000E+00   0.195857000E+00
     0.172256000E+03   0.259109000E+02   0.553335000E+01   0.366498000E+01
     0.770545000E+00   0.195857000E+00   0.322037000E+03   0.484308000E+02
     0.104206000E+02   0.740294000E+01   0.157620000E+01   0.373684000E+00
     0.172256000E+03   0.259109000E+02   0.553335000E+01   0.366498000E+01
     0.770545000E+00   0.195857000E+00   0.544717800E+01   0.824547200E+00
     0.183191600E+00   0.544717800E+01   0.824547200E+00   0.183191600E+00
     0.544717800E+01   0.824547200E+00   0.183191600E+00   0.544717800E+01
     0.824547200E+00   0.183191600E+00   0.544717800E+01   0.824547200E+00
     0.183191600E+00   0.242766000E+03   0.364851000E+02   0.781449000E+01
     0.542522000E+01   0.114915000E+01   0.283205000E+00   0.172256000E+03
     0.259109000E+02   0.553335000E+01   0.366498000E+01   0.770545000E+00
     0.195857000E+00   0.172256000E+03   0.259109000E+02   0.553335000E+01
     0.366498000E+01   0.770545000E+00   0.195857000E+00   0.322037000E+03
     0.484308000E+02   0.104206000E+02   0.740294000E+01   0.157620000E+01
     0.373684000E+00   0.544717800E+01   0.824547200E+00   0.183191600E+00
     0.544717800E+01   0.824547200E+00   0.183191600E+00   0.544717800E+01
     0.824547200E+00   0.183191600E+00   0.242766000E+03   0.364851000E+02
     0.781449000E+01   0.542522000E+01   0.114915000E+01   0.283205000E+00
     0.172256000E+03   0.259109000E+02   0.553335000E+01   0.366498000E+01
     0.770545000E+00   0.195857000E+00   0.544717800E+01   0.824547200E+00
     0.183191600E+00   0.544717800E+01   0.824547200E+00   0.183191600E+00
     0.544717800E+01   0.824547200E+00   0.183191600E+00   0.544717800E+01
     0.824547200E+00   0.183191600E+00

     0.209313200E+01   0.293675100E+01   0.180173700E+01  -0.747384300E+00
     0.712661000E+00   0.209828500E+00   0.209313200E+01   0.293675100E+01
     0.180173700E+01  -0.747384300E+00   0.712661000E+00   0.209828500E+00
     0.320959300E+01   0.459914000E+01   0.292518300E+01  -0.129369500E+01
     0.122471200E+01   0.340634400E+00   0.397151300E+00   0.557920000E+00
     0.199567200E+00   0.397151300E+00   0.557920000E+00   0.199567200E+00
     0.397151300E+00   0.557920000E+00   0.199567200E+00   0.262409200E+01
     0.373435900E+01   0.235345400E+01  -0.104710100E+01   0.968550100E+00
     0.276685100E+00   0.209313200E+01   0.293675100E+01   0.180173700E+01
    -0.747384300E+00   0.712661000E+00   0.209828500E+00   0.209313200E+01
     0.293675100E+01   0.180173700E+01  -0.747384300E+00   0.712661000E+00
     0.209828500E+00   0.320959300E+01   0.459914000E+01   0.292518300E+01
    -0.129369500E+01   0.122471200E+01   0.340634400E+00   0.397151300E+00
     0.557920000E+00   0.199567200E+00   0.397151300E+00   0.557920000E+00
     0.199567200E+00   0.397151300E+00   0.557920000E+00   0.199567200E+00
     0.262409200E+01   0.373435900E+01   0.235345400E+01  -0.104710100E+01
     0.968550100E+00   0.276685100E+00   0.209313200E+01   0.293675100E+01
     0.180173700E+01  -0.747384300E+00   0.712661000E+00   0.209828500E+00
     0.209313200E+01   0.293675100E+01   0.180173700E+01  -0.747384300E+00
     0.712661000E+00   0.209828500E+00   0.320959300E+01   0.459914000E+01
     0.292518300E+01  -0.129369500E+01   0.122471200E+01   0.340634400E+00
     0.209313200E+01   0.293675100E+01   0.180173700E+01  -0.747384300E+00
     0.712661000E+00   0.209828500E+00   0.397151300E+00   0.557920000E+00
     0.199567200E+00   0.397151300E+00   0.557920000E+00   0.199567200E+00
     0.397151300E+00   0.557920000E+00   0.199567200E+00   0.397151300E+00
     0.557920000E+00   0.199567200E+00   0.397151300E+00   0.557920000E+00
     0.199567200E+00   0.262409200E+01   0.373435900E+01   0.235345400E+01
    -0.104710100E+01   0.968550100E+00   0.276685100E+00   0.209313200E+01
     0.293675100E+01   0.180173700E+01  -0.747384300E+00   0.712661000E+00
     0.209828500E+00   0.209313200E+01   0.293675100E+01   0.180173700E+01
    -0.747384300E+00   0.712661000E+00   0.209828500E+00   0.320959300E+01
     0.459914000E+01   0.292518300E+01  -0.129369500E+01   0.122471200E+01
     0.340634400E+00   0.397151300E+00   0.557920000E+00   0.199567200E+00
     0.397151300E+00   0.557920000E+00   0.199567200E+00   0.397151300E+00
     0.557920000E+00   0.199567200E+00   0.262409200E+01   0.373435900E+01
     0.235345400E+01  -0.104710100E+01   0.968550100E+00   0.276685100E+00
     0.209313200E+01   0.293675100E+01   0.180173700E+01  -0.747384300E+00
     0.712661000E+00   0.209828500E+00   0.397151300E+00   0.557920000E+00
     0.199567200E+00   0.397151300E+00   0.557920000E+00   0.199567200E+00
     0.397151300E+00   0.557920000E+00   0.199567200E+00   0.397151300E+00
     0.557920000E+00   0.199567200E+00

     0.000000000E+00   0.000000000E+00   0.000000000E+00   0.170917800E+01
     0.885622100E+00   0.185722300E+00   0.000000000E+00   0.000000000E+00
     0.000000000E+00   0.170917800E+01   0.885622100E+00   0.185722300E+00
     0.000000000E+00   0.000000000E+00   0.000000000E+00   0.425723000E+01
     0.214975700E+01   0.416457500E+00   0.000000000E+00   0.000000000E+00
     0.000000000E+00   0.000000000E+00   0.000000000E+00   0.000000000E+00
     0.000000000E+00   0.000000000E+00   0.000000000E+00   0.000000000E+00
     0.000000000E+00   0.000000000E+00   0.280858600E+01   0.145673500E+01
     0.294487100E+00   0.000000000E+00   0.000000000E+00   0.000000000E+00
     0.170917800E+01   0.885622100E+00   0.185722300E+00   0.000000000E+00
     0.000000000E+00   0.000000000E+00   0.170917800E+01   0.885622100E+00
     0.185722300E+00   0.000000000E+00   0.000000000E+00   0.000000000E+00
     0.425723000E+01   0.214975700E+01   0.416457500E+00   0.000000000E+00
     0.000000000E+00   0.000000000E+00   0.000000000E+00   0.000000000E+00
     0.000000000E+00   0.000000000E+00   0.000000000E+00   0.000000000E+00
     0.000000000E+00   0.000000000E+00   0.000000000E+00   0.280858600E+01
     0.145673500E+01   0.294487100E+00   0.000000000E+00   0.000000000E+00
     0.000000000E+00   0.170917800E+01   0.885622100E+00   0.185722300E+00
     0.000000000E+00   0.000000000E+00   0.000000000E+00   0.170917800E+01
     0.885622100E+00   0.185722300E+00   0.000000000E+00   0.000000000E+00
     0.000000000E+00   0.425723000E+01   0.214975700E+01   0.416457500E+00
     0.000000000E+00   0.000000000E+00   0.000000000E+00   0.170917800E+01
     0.885622100E+00   0.185722300E+00   0.000000000E+00   0.000000000E+00
     0.000000000E+00   0.000000000E+00   0.000000000E+00   0.000000000E+00
     0.000000000E+00   0.000000000E+00   0.000000000E+00   0.000000000E+00
     0.000000000E+00   0.000000000E+00   0.000000000E+00   0.000000000E+00
     0.000000000E+00   0.000000000E+00   0.000000000E+00   0.000000000E+00
     0.280858600E+01   0.145673500E+01   0.294487100E+00   0.000000000E+00
     0.000000000E+00   0.000000000E+00   0.170917800E+01   0.885622100E+00
     0.185722300E+00   0.000000000E+00   0.000000000E+00   0.000000000E+00
     0.170917800E+01   0.885622100E+00   0.185722300E+00   0.000000000E+00
     0.000000000E+00   0.000000000E+00   0.425723000E+01   0.214975700E+01
     0.416457500E+00   0.000000000E+00   0.000000000E+00   0.000000000E+00
     0.000000000E+00   0.000000000E+00   0.000000000E+00   0.000000000E+00
     0.000000000E+00   0.000000000E+00   0.000000000E+00   0.000000000E+00
     0.000000000E+00   0.280858600E+01   0.145673500E+01   0.294487100E+00
     0.000000000E+00   0.000000000E+00   0.000000000E+00   0.170917800E+01
     0.885622100E+00   0.185722300E+00   0.000000000E+00   0.000000000E+00
     0.000000000E+00   0.000000000E+00   0.000000000E+00   0.000000000E+00
     0.000000000E+00   0.000000000E+00   0.000000000E+00   0.000000000E+00
     0.000000000E+00   0.000000000E+00

     0.000000000E+00   0.000000000E+00   0.000000000E+00   0.000000000E+00
     0.000000000E+00   0.000000000E+00   0.000000000E+00   0.000000000E+00
     0.000000000E+00   0.000000000E+00   0.000000000E+00   0.000000000E+00
     0.000000000E+00   0.000000000E+00   0.000000000E+00   0.000000000E+00
     0.000000000E+00   0.000000000E+00   0.000000000E+00   0.000000000E+00
     0.000000000E+00   0.000000000E+00   0.000000000E+00   0.000000000E+00
     0.000000000E+00   0.000000000E+00   0.000000000E+00   0.000000000E+00
     0.000000000E+00   0.000000000E+00   0.000000000E+00   0.000000000E+00
     0.000000000E+00   0.000000000E+00   0.000000000E+00   0.000000000E+00
     0.000000000E+00   0.000000000E+00   0.000000000E+00   0.000000000E+00
     0.000000000E+00   0.000000000E+00   0.000000000E+00   0.000000000E+00
     0.000000000E+00   0.000000000E+00   0.000000000E+00   0.000000000E+00
     0.000000000E+00   0.000000000E+00   0.000000000E+00   0.000000000E+00
     0.000000000E+00   0.000000000E+00   0.000000000E+00   0.000000000E+00
     0.000000000E+00   0.000000000E+00   0.000000000E+00   0.000000000E+00
     0.000000000E+00   0.000000000E+00   0.000000000E+00   0.000000000E+00
     0.000000000E+00   0.000000000E+00   0.000000000E+00   0.000000000E+00
     0.000000000E+00   0.000000000E+00   0.000000000E+00   0.000000000E+00
     0.000000000E+00   0.000000000E+00   0.000000000E+00   0.000000000E+00
     0.000000000E+00   0.000000000E+00   0.000000000E+00   0.000000000E+00
     0.000000000E+00   0.000000000E+00   0.000000000E+00   0.000000000E+00
     0.000000000E+00   0.000000000E+00   0.000000000E+00   0.000000000E+00
     0.000000000E+00   0.000000000E+00   0.000000000E+00   0.000000000E+00
     0.000000000E+00   0.000000000E+00   0.000000000E+00   0.000000000E+00
     0.000000000E+00   0.000000000E+00   0.000000000E+00   0.000000000E+00
     0.000000000E+00   0.000000000E+00   0.000000000E+00   0.000000000E+00
     0.000000000E+00   0.000000000E+00   0.000000000E+00   0.000000000E+00
     0.000000000E+00   0.000000000E+00   0.000000000E+00   0.000000000E+00
     0.000000000E+00   0.000000000E+00   0.000000000E+00   0.000000000E+00
     0.000000000E+00   0.000000000E+00   0.000000000E+00   0.000000000E+00
     0.000000000E+00   0.000000000E+00   0.000000000E+00   0.000000000E+00
     0.000000000E+00   0.000000000E+00   0.000000000E+00   0.000000000E+00
     0.000000000E+00   0.000000000E+00   0.000000000E+00   0.000000000E+00
     0.000000000E+00   0.000000000E+00   0.000000000E+00   0.000000000E+00
     0.000000000E+00   0.000000000E+00   0.000000000E+00   0.000000000E+00
     0.000000000E+00   0.000000000E+00   0.000000000E+00   0.000000000E+00
     0.000000000E+00   0.000000000E+00   0.000000000E+00   0.000000000E+00
     0.000000000E+00   0.000000000E+00   0.000000000E+00   0.000000000E+00
     0.000000000E+00   0.000000000E+00   0.000000000E+00   0.000000000E+00
     0.000000000E+00   0.000000000E+00   0.000000000E+00   0.000000000E+00
     0.000000000E+00   0.000000000E+00

     0.000000000E+00   0.000000000E+00   0.000000000E+00   0.000000000E+00
     0.000000000E+00   0.000000000E+00   0.000000000E+00   0.000000000E+00
     0.000000000E+00   0.000000000E+00   0.000000000E+00   0.000000000E+00
     0.000000000E+00   0.000000000E+00   0.000000000E+00   0.000000000E+00
     0.000000000E+00   0.000000000E+00   0.000000000E+00   0.000000000E+00
     0.000000000E+00   0.000000000E+00   0.000000000E+00   0.000000000E+00
     0.000000000E+00   0.000000000E+00   0.000000000E+00   0.000000000E+00
     0.000000000E+00   0.000000000E+00   0.000000000E+00   0.000000000E+00
     0.000000000E+00   0.000000000E+00   0.000000000E+00   0.000000000E+00
     0.000000000E+00   0.000000000E+00   0.000000000E+00   0.000000000E+00
     0.000000000E+00   0.000000000E+00   0.000000000E+00   0.000000000E+00
     0.000000000E+00   0.000000000E+00   0.000000000E+00   0.000000000E+00
     0.000000000E+00   0.000000000E+00   0.000000000E+00   0.000000000E+00
     0.000000000E+00   0.000000000E+00   0.000000000E+00   0.000000000E+00
     0.000000000E+00   0.000000000E+00   0.000000000E+00   0.000000000E+00
     0.000000000E+00   0.000000000E+00   0.000000000E+00   0.000000000E+00
     0.000000000E+00   0.000000000E+00   0.000000000E+00   0.000000000E+00
     0.000000000E+00   0.000000000E+00   0.000000000E+00   0.000000000E+00
     0.000000000E+00   0.000000000E+00   0.000000000E+00   0.000000000E+00
     0.000000000E+00   0.000000000E+00   0.000000000E+00   0.000000000E+00
     0.000000000E+00   0.000000000E+00   0.000000000E+00   0.000000000E+00
     0.000000000E+00   0.000000000E+00   0.000000000E+00   0.000000000E+00
     0.000000000E+00   0.000000000E+00   0.000000000E+00   0.000000000E+00
     0.000000000E+00   0.000000000E+00   0.000000000E+00   0.000000000E+00
     0.000000000E+00   0.000000000E+00   0.000000000E+00   0.000000000E+00
     0.000000000E+00   0.000000000E+00   0.000000000E+00   0.000000000E+00
     0.000000000E+00   0.000000000E+00   0.000000000E+00   0.000000000E+00
     0.000000000E+00   0.000000000E+00   0.000000000E+00   0.000000000E+00
     0.000000000E+00   0.000000000E+00   0.000000000E+00   0.000000000E+00
     0.000000000E+00   0.000000000E+00   0.000000000E+00   0.000000000E+00
     0.000000000E+00   0.000000000E+00   0.000000000E+00   0.000000000E+00
     0.000000000E+00   0.000000000E+00   0.000000000E+00   0.000000000E+00
     0.000000000E+00   0.000000000E+00   0.000000000E+00   0.000000000E+00
     0.000000000E+00   0.000000000E+00   0.000000000E+00   0.000000000E+00
     0.000000000E+00   0.000000000E+00   0.000000000E+00   0.000000000E+00
     0.000000000E+00   0.000000000E+00   0.000000000E+00   0.000000000E+00
     0.000000000E+00   0.000000000E+00   0.000000000E+00   0.000000000E+00
     0.000000000E+00   0.000000000E+00   0.000000000E+00   0.000000000E+00
     0.000000000E+00   0.000000000E+00   0.000000000E+00   0.000000000E+00
     0.000000000E+00   0.000000000E+00   0.000000000E+00   0.000000000E+00
     0.000000000E+00   0.000000000E+00

     0.000000000E+00   0.000000000E+00   0.000000000E+00   0.000000000E+00
     0.000000000E+00   0.000000000E+00   0.000000000E+00   0.000000000E+00
     0.000000000E+00   0.000000000E+00   0.000000000E+00   0.000000000E+00
     0.000000000E+00   0.000000000E+00   0.000000000E+00   0.000000000E+00
     0.000000000E+00   0.000000000E+00   0.000000000E+00   0.000000000E+00
     0.000000000E+00   0.000000000E+00   0.000000000E+00   0.000000000E+00
     0.000000000E+00   0.000000000E+00   0.000000000E+00   0.000000000E+00
     0.000000000E+00   0.000000000E+00   0.000000000E+00   0.000000000E+00
     0.000000000E+00   0.000000000E+00   0.000000000E+00   0.000000000E+00
     0.000000000E+00   0.000000000E+00   0.000000000E+00   0.000000000E+00
     0.000000000E+00   0.000000000E+00   0.000000000E+00   0.000000000E+00
     0.000000000E+00   0.000000000E+00   0.000000000E+00   0.000000000E+00
     0.000000000E+00   0.000000000E+00   0.000000000E+00   0.000000000E+00
     0.000000000E+00   0.000000000E+00   0.000000000E+00   0.000000000E+00
     0.000000000E+00   0.000000000E+00   0.000000000E+00   0.000000000E+00
     0.000000000E+00   0.000000000E+00   0.000000000E+00   0.000000000E+00
     0.000000000E+00   0.000000000E+00   0.000000000E+00   0.000000000E+00
     0.000000000E+00   0.000000000E+00   0.000000000E+00   0.000000000E+00
     0.000000000E+00   0.000000000E+00   0.000000000E+00   0.000000000E+00
     0.000000000E+00   0.000000000E+00   0.000000000E+00   0.000000000E+00
     0.000000000E+00   0.000000000E+00   0.000000000E+00   0.000000000E+00
     0.000000000E+00   0.000000000E+00   0.000000000E+00   0.000000000E+00
     0.000000000E+00   0.000000000E+00   0.000000000E+00   0.000000000E+00
     0.000000000E+00   0.000000000E+00   0.000000000E+00   0.000000000E+00
     0.000000000E+00   0.000000000E+00   0.000000000E+00   0.000000000E+00
     0.000000000E+00   0.000000000E+00   0.000000000E+00   0.000000000E+00
     0.000000000E+00   0.000000000E+00   0.000000000E+00   0.000000000E+00
     0.000000000E+00   0.000000000E+00   0.000000000E+00   0.000000000E+00
     0.000000000E+00   0.000000000E+00   0.000000000E+00   0.000000000E+00
     0.000000000E+00   0.000000000E+00   0.000000000E+00   0.000000000E+00
     0.000000000E+00   0.000000000E+00   0.000000000E+00   0.000000000E+00
     0.000000000E+00   0.000000000E+00   0.000000000E+00   0.000000000E+00
     0.000000000E+00   0.000000000E+00   0.000000000E+00   0.000000000E+00
     0.000000000E+00   0.000000000E+00   0.000000000E+00   0.000000000E+00
     0.000000000E+00   0.000000000E+00   0.000000000E+00   0.000000000E+00
     0.000000000E+00   0.000000000E+00   0.000000000E+00   0.000000000E+00
     0.000000000E+00   0.000000000E+00   0.000000000E+00   0.000000000E+00
     0.000000000E+00   0.000000000E+00   0.000000000E+00   0.000000000E+00
     0.000000000E+00   0.000000000E+00   0.000000000E+00   0.000000000E+00
     0.000000000E+00   0.000000000E+00   0.000000000E+00   0.000000000E+00
     0.000000000E+00   0.000000000E+00
