 OPT HF 3-21G(*)
M0001
0 1
 6   0.000000000   0.000000000   1.090000000
 1   1.027662000   0.000000000   1.453334000
 1  -0.513831000  -0.889981000   1.453333000
 1  -0.513831000   0.889981000   1.453333000
 6   0.000000000   0.000000000  -0.441000000
 1   0.516659223   0.894880425  -0.806333099
 1  -1.033318793   0.000000200  -0.806333099
 6   0.721720185  -1.250056030  -0.951334102
 1   1.755039105  -1.250056677  -0.586001362
 1   0.205060677  -2.144936308  -0.586001046
 6   0.721719297  -1.250055200  -2.482334102
 1   1.238378732  -0.355175143  -2.847667800
 1  -0.311599707  -1.250054753  -2.847666601
 1   1.238377919  -2.144935652  -2.847667985
ENDCART
ATOMLABELS
"C1"
"H2"
"H3"
"H4"
"C2"
"H5"
"H6"
"C3"
"H1"
"H8"
"C4"
"H7"
"H9"
"H10"
ENDATOMLABELS
HESSIAN
    1   13   13   13    1   13   13    1   13   13    1   13
   13   13
    1    2    1
    1    3    1
    1    4    1
    5    6    1
    5    7    1
    1    5    1
    8    9    1
    8   10    1
    5    8    1
   11   12    1
   11   13    1
   11   14    1
    8   11    1
ENDHESS
BEGINPROPIN
ENDPROPIN
BEGINPREFERENCES
 MM:CONF_SELECTION_RULE=2
ENDPREFERENCES
